dim = 618
find out base
nnz = 23658
End write matrix!
End create sparce matrix!
Begin calculate!
Elapsed time: 0.998312s
-20.3
-20.0102
-18.7271
-18.4059
-17.7588
-17.7588
-17.7042
-17.6617
-17.4434
-16.9447
-16.7765
-16.7765
-16.7503
-16.6557
-16.5375
-16.512
-16.5047
-16.4705
-16.4705
-15.7217
-15.6165
-15.6165
-15.4999
-15.4891
-15.4891
-15.3579
-15.2628
-15.2628
-14.984
-14.984
-14.9768
-14.9768
-14.9103
-14.9103
-14.8284
-14.7136
-14.7136
-14.5729
-14.5729
-14.5673
-14.5673
-14.498
-14.498
-14.4255
-14.4255
-14.4046
-14.3623
-14.3623
-14.21
-14.21
-14.1776
-14.1776
-14.1551
-14.0288
-14.0288
-13.9517
-13.9265
-13.9265
-13.8387
-13.8387
-13.6907
-13.6907
-13.6766
-13.6568
-13.6419
-13.6283
-13.6283
-13.4241
-13.423
-13.423
-13.3972
-13.1707
-13.1707
-13.0896
-13.0896
-13.0186
-13.0186
-12.9548
-12.8371
-12.8371
-12.8147
-12.8147
-12.7949
-12.7949
-12.7901
-12.777
-12.777
-12.7763
-12.7763
-12.7087
-12.6521
-12.6203
-12.6203
-12.6068
-12.6068
-12.6045
-12.6045
-12.5236
-12.5236
-12.4431
